20230311_091752 - RS-Execution Result

asin               6178
reviewerID        14138
overall               5
unixReviewTime     3622
timestamp          3622
year                  1
dtype: int64



------------------------------------------------------------------------
Training and Test
------------------------------------------------------------------------
| Epoch | Model | Train Loss  | HR@10      | NDCG@10    | %Coverage@10 |
------------------------------------------------------------------------
|     0 | FM    |    852.7447 |     0.0010 |     0.0004 |       0.4532 |
|     0 | RND   |    852.7447 |     0.0018 |     0.0008 |     100.0000 |
|     0 | POP   |    852.7447 |     0.0000 |     0.0000 |       0.1619 |
|     0 | NCF   |    852.7447 |     0.0012 |     0.0006 |       4.3056 |
------------------------------------------------------------------------
|     1 | FM    |      0.5111 |     0.0053 |     0.0032 |       1.1978 |
|     1 | RND   |      0.5111 |     0.0016 |     0.0007 |     100.0000 |
|     1 | POP   |      0.5111 |     0.0000 |     0.0000 |       0.1619 |
|     1 | NCF   |      0.5111 |     0.0012 |     0.0006 |       4.3056 |
------------------------------------------------------------------------
|     2 | FM    |      0.5029 |     0.0115 |     0.0089 |       1.6510 |
|     2 | RND   |      0.5029 |     0.0018 |     0.0007 |     100.0000 |
|     2 | POP   |      0.5029 |     0.0000 |     0.0000 |       0.1619 |
|     2 | NCF   |      0.5029 |     0.0012 |     0.0006 |       4.3056 |
------------------------------------------------------------------------
|     3 | FM    |      0.4850 |     0.0132 |     0.0099 |       2.2823 |
|     3 | RND   |      0.4850 |     0.0017 |     0.0008 |     100.0000 |
|     3 | POP   |      0.4850 |     0.0000 |     0.0000 |       0.1619 |
|     3 | NCF   |      0.4850 |     0.0012 |     0.0006 |       4.3056 |
------------------------------------------------------------------------
|     4 | FM    |      0.4628 |     0.0135 |     0.0106 |       2.6870 |
|     4 | RND   |      0.4628 |     0.0022 |     0.0011 |     100.0000 |
|     4 | POP   |      0.4628 |     0.0000 |     0.0000 |       0.1619 |
|     4 | NCF   |      0.4628 |     0.0012 |     0.0006 |       4.3056 |
------------------------------------------------------------------------
|     5 | FM    |      0.4409 |     0.0170 |     0.0120 |       5.1959 |
|     5 | RND   |      0.4409 |     0.0016 |     0.0007 |     100.0000 |
|     5 | POP   |      0.4409 |     0.0000 |     0.0000 |       0.1619 |
|     5 | NCF   |      0.4409 |     0.0012 |     0.0006 |       4.3056 |
------------------------------------------------------------------------
|     6 | FM    |      0.4222 |     0.0157 |     0.0117 |       3.8524 |
|     6 | RND   |      0.4222 |     0.0013 |     0.0006 |     100.0000 |
|     6 | POP   |      0.4222 |     0.0000 |     0.0000 |       0.1619 |
|     6 | NCF   |      0.4222 |     0.0012 |     0.0006 |       4.3056 |
------------------------------------------------------------------------
|     7 | FM    |      0.4081 |     0.0175 |     0.0124 |       4.6779 |
|     7 | RND   |      0.4081 |     0.0018 |     0.0008 |     100.0000 |
|     7 | POP   |      0.4081 |     0.0000 |     0.0000 |       0.1619 |
|     7 | NCF   |      0.4081 |     0.0012 |     0.0006 |       4.3056 |
------------------------------------------------------------------------
|     8 | FM    |      0.3996 |     0.0161 |     0.0121 |       4.1437 |
|     8 | RND   |      0.3996 |     0.0018 |     0.0009 |     100.0000 |
|     8 | POP   |      0.3996 |     0.0000 |     0.0000 |       0.1619 |
|     8 | NCF   |      0.3996 |     0.0012 |     0.0006 |       4.3056 |
------------------------------------------------------------------------
|     9 | FM    |      0.3923 |     0.0161 |     0.0122 |       4.0952 |
|     9 | RND   |      0.3923 |     0.0021 |     0.0009 |     100.0000 |
|     9 | POP   |      0.3923 |     0.0000 |     0.0000 |       0.1619 |
|     9 | NCF   |      0.3923 |     0.0012 |     0.0006 |       4.3056 |
------------------------------------------------------------------------
|    10 | FM    |      0.3871 |     0.0182 |     0.0130 |       4.5322 |
|    10 | RND   |      0.3871 |     0.0016 |     0.0008 |     100.0000 |
|    10 | POP   |      0.3871 |     0.0000 |     0.0000 |       0.1619 |
|    10 | NCF   |      0.3871 |     0.0012 |     0.0006 |       4.3056 |
------------------------------------------------------------------------
|    11 | FM    |      0.3832 |     0.0192 |     0.0135 |       4.5970 |
|    11 | RND   |      0.3832 |     0.0016 |     0.0007 |     100.0000 |
|    11 | POP   |      0.3832 |     0.0000 |     0.0000 |       0.1619 |
|    11 | NCF   |      0.3832 |     0.0012 |     0.0006 |       4.3056 |
------------------------------------------------------------------------

Training duration: 29.0500 minutes
Total execution in 33.7333 minutes
