20230311_215157 - RS-Execution Result

Start: Epochs
| Epoch | Model | Train Loss  | HR@10      | NDCG@10    | %Coverage@10 |
------------------------------------------------------------------------
|     0 | FM    |    786.9047 |     0.0011 |     0.0005 |       0.9226 |
|     0 | RND   |    786.9047 |     0.0013 |     0.0006 |     100.0000 |
|     0 | POP   |    786.9047 |     0.0000 |     0.0000 |       0.1619 |
|     0 | NCF   |    786.9047 |     0.0018 |     0.0007 |      17.8537 |
------------------------------------------------------------------------
|     1 | FM    |      0.4212 |     0.0083 |     0.0056 |       1.2625 |
|     1 | RND   |      0.4212 |     0.0018 |     0.0007 |     100.0000 |
|     1 | POP   |      0.4212 |     0.0000 |     0.0000 |       0.1619 |
|     1 | NCF   |      0.4212 |     0.0018 |     0.0007 |      17.8537 |
------------------------------------------------------------------------
|     2 | FM    |      0.4099 |     0.0129 |     0.0094 |       1.6996 |
|     2 | RND   |      0.4099 |     0.0012 |     0.0005 |     100.0000 |
|     2 | POP   |      0.4099 |     0.0000 |     0.0000 |       0.1619 |
|     2 | NCF   |      0.4099 |     0.0018 |     0.0007 |      17.8537 |
------------------------------------------------------------------------
|     3 | FM    |      0.3885 |     0.0137 |     0.0098 |       1.6186 |
|     3 | RND   |      0.3885 |     0.0022 |     0.0010 |     100.0000 |
|     3 | POP   |      0.3885 |     0.0000 |     0.0000 |       0.1619 |
|     3 | NCF   |      0.3885 |     0.0018 |     0.0007 |      17.8537 |
------------------------------------------------------------------------
|     4 | FM    |      0.3636 |     0.0162 |     0.0107 |       1.7805 |
|     4 | RND   |      0.3636 |     0.0012 |     0.0006 |     100.0000 |
|     4 | POP   |      0.3636 |     0.0000 |     0.0000 |       0.1619 |
|     4 | NCF   |      0.3636 |     0.0018 |     0.0007 |      17.8537 |
------------------------------------------------------------------------
|     5 | FM    |      0.3458 |     0.0164 |     0.0112 |       1.7481 |
|     5 | RND   |      0.3458 |     0.0009 |     0.0004 |     100.0000 |
|     5 | POP   |      0.3458 |     0.0000 |     0.0000 |       0.1619 |
|     5 | NCF   |      0.3458 |     0.0018 |     0.0007 |      17.8537 |
------------------------------------------------------------------------
|     6 | FM    |      0.3365 |     0.0167 |     0.0118 |       1.8614 |
|     6 | RND   |      0.3365 |     0.0008 |     0.0004 |     100.0000 |
|     6 | POP   |      0.3365 |     0.0000 |     0.0000 |       0.1619 |
|     6 | NCF   |      0.3365 |     0.0018 |     0.0007 |      17.8537 |
------------------------------------------------------------------------
|     7 | FM    |      0.3315 |     0.0170 |     0.0122 |       1.8129 |
|     7 | RND   |      0.3315 |     0.0016 |     0.0007 |     100.0000 |
|     7 | POP   |      0.3315 |     0.0000 |     0.0000 |       0.1619 |
|     7 | NCF   |      0.3315 |     0.0018 |     0.0007 |      17.8537 |
------------------------------------------------------------------------
|     8 | FM    |      0.3290 |     0.0178 |     0.0131 |       1.8291 |
|     8 | RND   |      0.3290 |     0.0019 |     0.0008 |     100.0000 |
|     8 | POP   |      0.3290 |     0.0000 |     0.0000 |       0.1619 |
|     8 | NCF   |      0.3290 |     0.0018 |     0.0007 |      17.8537 |
------------------------------------------------------------------------
|     9 | FM    |      0.3273 |     0.0176 |     0.0133 |       1.6186 |
|     9 | RND   |      0.3273 |     0.0016 |     0.0007 |     100.0000 |
|     9 | POP   |      0.3273 |     0.0000 |     0.0000 |       0.1619 |
|     9 | NCF   |      0.3273 |     0.0018 |     0.0007 |      17.8537 |
------------------------------------------------------------------------
|    10 | FM    |      0.3268 |     0.0207 |     0.0148 |       1.3758 |
|    10 | RND   |      0.3268 |     0.0018 |     0.0009 |     100.0000 |
|    10 | POP   |      0.3268 |     0.0000 |     0.0000 |       0.1619 |
|    10 | NCF   |      0.3268 |     0.0018 |     0.0007 |      17.8537 |
------------------------------------------------------------------------
|    11 | FM    |      0.3267 |     0.0196 |     0.0143 |       0.8741 |
|    11 | RND   |      0.3267 |     0.0017 |     0.0007 |     100.0000 |
|    11 | POP   |      0.3267 |     0.0000 |     0.0000 |       0.1619 |
|    11 | NCF   |      0.3267 |     0.0018 |     0.0007 |      17.8537 |
------------------------------------------------------------------------

Training duration: 61.43333333333333 minutes
Total execution in 123.85 minutes

