20230310_150450 - RS-Execution Result

asin               6178
reviewerID        14138
overall               5
unixReviewTime     3622
timestamp          3622
year                  1
dtype: int64



------------------------------------------------------------------------
Training and Test
------------------------------------------------------------------------
| Epoch | Model | Train Loss  | HR@10      | NDCG@10    | %Coverage@10 |
------------------------------------------------------------------------
|     0 | FM    |    185.4426 |     0.0010 |     0.0005 |       1.4730 |
|     0 | RND   |    185.4426 |     0.0015 |     0.0006 |     100.0000 |
|     0 | POP   |    185.4426 |     0.0000 |     0.0000 |       0.1619 |
|     0 | NCF   |    185.4426 |     0.0010 |     0.0004 |      90.2557 |
------------------------------------------------------------------------
|     1 | FM    |      0.5137 |     0.0063 |     0.0040 |       1.6025 |
|     1 | RND   |      0.5137 |     0.0018 |     0.0008 |     100.0000 |
|     1 | POP   |      0.5137 |     0.0000 |     0.0000 |       0.1619 |
|     1 | NCF   |      0.5137 |     0.0010 |     0.0004 |      90.2557 |
------------------------------------------------------------------------
|     2 | FM    |      0.5071 |     0.0117 |     0.0092 |       2.1528 |
|     2 | RND   |      0.5071 |     0.0018 |     0.0008 |     100.0000 |
|     2 | POP   |      0.5071 |     0.0000 |     0.0000 |       0.1619 |
|     2 | NCF   |      0.5071 |     0.0010 |     0.0004 |      90.2557 |
------------------------------------------------------------------------
|     3 | FM    |      0.4916 |     0.0130 |     0.0100 |       3.2697 |
|     3 | RND   |      0.4916 |     0.0016 |     0.0006 |     100.0000 |
|     3 | POP   |      0.4916 |     0.0000 |     0.0000 |       0.1619 |
|     3 | NCF   |      0.4916 |     0.0010 |     0.0004 |      90.2557 |
------------------------------------------------------------------------
|     4 | FM    |      0.4702 |     0.0212 |     0.0135 |       6.4746 |
|     4 | RND   |      0.4702 |     0.0018 |     0.0008 |     100.0000 |
|     4 | POP   |      0.4702 |     0.0000 |     0.0000 |       0.1619 |
|     4 | NCF   |      0.4702 |     0.0010 |     0.0004 |      90.2557 |
------------------------------------------------------------------------
|     5 | FM    |      0.4468 |     0.0168 |     0.0118 |       4.7426 |
|     5 | RND   |      0.4468 |     0.0018 |     0.0009 |     100.0000 |
|     5 | POP   |      0.4468 |     0.0000 |     0.0000 |       0.1619 |
|     5 | NCF   |      0.4468 |     0.0010 |     0.0004 |      90.2557 |
------------------------------------------------------------------------
|     6 | FM    |      0.4281 |     0.0163 |     0.0118 |       4.1275 |
|     6 | RND   |      0.4281 |     0.0011 |     0.0005 |     100.0000 |
|     6 | POP   |      0.4281 |     0.0000 |     0.0000 |       0.1619 |
|     6 | NCF   |      0.4281 |     0.0010 |     0.0004 |      90.2557 |
------------------------------------------------------------------------
|     7 | FM    |      0.4124 |     0.0362 |     0.0196 |       8.1418 |
|     7 | RND   |      0.4124 |     0.0017 |     0.0008 |     100.0000 |
|     7 | POP   |      0.4124 |     0.0000 |     0.0000 |       0.1619 |
|     7 | NCF   |      0.4124 |     0.0010 |     0.0004 |      90.2557 |
------------------------------------------------------------------------
|     8 | FM    |      0.4026 |     0.0202 |     0.0135 |       5.1959 |
|     8 | RND   |      0.4026 |     0.0018 |     0.0008 |     100.0000 |
|     8 | POP   |      0.4026 |     0.0000 |     0.0000 |       0.1619 |
|     8 | NCF   |      0.4026 |     0.0010 |     0.0004 |      90.2557 |
------------------------------------------------------------------------
|     9 | FM    |      0.3941 |     0.0195 |     0.0133 |       4.8398 |
|     9 | RND   |      0.3941 |     0.0017 |     0.0008 |     100.0000 |
|     9 | POP   |      0.3941 |     0.0000 |     0.0000 |       0.1619 |
|     9 | NCF   |      0.3941 |     0.0010 |     0.0004 |      90.2557 |
------------------------------------------------------------------------
|    10 | FM    |      0.3883 |     0.0324 |     0.0182 |       6.2318 |
|    10 | RND   |      0.3883 |     0.0015 |     0.0007 |     100.0000 |
|    10 | POP   |      0.3883 |     0.0000 |     0.0000 |       0.1619 |
|    10 | NCF   |      0.3883 |     0.0010 |     0.0004 |      90.2557 |
------------------------------------------------------------------------
|    11 | FM    |      0.3848 |     0.0383 |     0.0203 |       6.4422 |
|    11 | RND   |      0.3848 |     0.0013 |     0.0007 |     100.0000 |
|    11 | POP   |      0.3848 |     0.0000 |     0.0000 |       0.1619 |
|    11 | NCF   |      0.3848 |     0.0010 |     0.0004 |      90.2557 |
------------------------------------------------------------------------

Training duration: 86.8833 minutes
Total execution in 98.0000 minutes
