20230311_142008 - RS-Execution Result

asin               6178
reviewerID        14138
overall               5
unixReviewTime     3622
timestamp          3622
year                  1
dtype: int64



------------------------------------------------------------------------
Training and Test
------------------------------------------------------------------------
| Epoch | Model | Train Loss  | HR@100     | NDCG@100   | %Coverage@100 |
------------------------------------------------------------------------
|     0 | FM    |    244.4020 |     0.0062 |     0.0014 |       2.1042 |
|     0 | RND   |    244.4020 |     0.0149 |     0.0029 |     100.0000 |
|     0 | POP   |    244.4020 |     0.0000 |     0.0000 |       1.6186 |
|     0 | NCF   |    244.4020 |     0.0156 |     0.0039 |      21.9327 |
------------------------------------------------------------------------
|     1 | FM    |      0.5146 |     0.0168 |     0.0080 |       3.6743 |
|     1 | RND   |      0.5146 |     0.0151 |     0.0030 |     100.0000 |
|     1 | POP   |      0.5146 |     0.0000 |     0.0000 |       1.6186 |
|     1 | NCF   |      0.5146 |     0.0156 |     0.0039 |      21.9327 |
------------------------------------------------------------------------
|     2 | FM    |      0.5061 |     0.0240 |     0.0114 |       6.1185 |
|     2 | RND   |      0.5061 |     0.0166 |     0.0034 |     100.0000 |
|     2 | POP   |      0.5061 |     0.0000 |     0.0000 |       1.6186 |
|     2 | NCF   |      0.5061 |     0.0156 |     0.0039 |      21.9327 |
------------------------------------------------------------------------
|     3 | FM    |      0.4882 |     0.1409 |     0.0383 |      17.8537 |
|     3 | RND   |      0.4882 |     0.0152 |     0.0033 |     100.0000 |
|     3 | POP   |      0.4882 |     0.0000 |     0.0000 |       1.6186 |
|     3 | NCF   |      0.4882 |     0.0156 |     0.0039 |      21.9327 |
------------------------------------------------------------------------
|     4 | FM    |      0.4651 |     0.0897 |     0.0256 |      12.3503 |
|     4 | RND   |      0.4651 |     0.0157 |     0.0033 |     100.0000 |
|     4 | POP   |      0.4651 |     0.0000 |     0.0000 |       1.6186 |
|     4 | NCF   |      0.4651 |     0.0156 |     0.0039 |      21.9327 |
------------------------------------------------------------------------
|     5 | FM    |      0.4426 |     0.1058 |     0.0296 |      16.1217 |
|     5 | RND   |      0.4426 |     0.0167 |     0.0034 |     100.0000 |
|     5 | POP   |      0.4426 |     0.0000 |     0.0000 |       1.6186 |
|     5 | NCF   |      0.4426 |     0.0156 |     0.0039 |      21.9327 |
------------------------------------------------------------------------
|     6 | FM    |      0.4239 |     0.1069 |     0.0299 |      15.8304 |
|     6 | RND   |      0.4239 |     0.0172 |     0.0036 |     100.0000 |
|     6 | POP   |      0.4239 |     0.0000 |     0.0000 |       1.6186 |
|     6 | NCF   |      0.4239 |     0.0156 |     0.0039 |      21.9327 |
------------------------------------------------------------------------
|     7 | FM    |      0.4109 |     0.1049 |     0.0295 |      14.7459 |
|     7 | RND   |      0.4109 |     0.0152 |     0.0032 |     100.0000 |
|     7 | POP   |      0.4109 |     0.0000 |     0.0000 |       1.6186 |
|     7 | NCF   |      0.4109 |     0.0156 |     0.0039 |      21.9327 |
------------------------------------------------------------------------
|     8 | FM    |      0.4009 |     0.1063 |     0.0300 |      15.2962 |
|     8 | RND   |      0.4009 |     0.0156 |     0.0032 |     100.0000 |
|     8 | POP   |      0.4009 |     0.0000 |     0.0000 |       1.6186 |
|     8 | NCF   |      0.4009 |     0.0156 |     0.0039 |      21.9327 |
------------------------------------------------------------------------
|     9 | FM    |      0.3959 |     0.1056 |     0.0299 |      15.3610 |
|     9 | RND   |      0.3959 |     0.0145 |     0.0030 |     100.0000 |
|     9 | POP   |      0.3959 |     0.0000 |     0.0000 |       1.6186 |
|     9 | NCF   |      0.3959 |     0.0156 |     0.0039 |      21.9327 |
------------------------------------------------------------------------
|    10 | FM    |      0.3912 |     0.1197 |     0.0336 |      25.5422 |
|    10 | RND   |      0.3912 |     0.0177 |     0.0036 |     100.0000 |
|    10 | POP   |      0.3912 |     0.0000 |     0.0000 |       1.6186 |
|    10 | NCF   |      0.3912 |     0.0156 |     0.0039 |      21.9327 |
------------------------------------------------------------------------
|    11 | FM    |      0.3871 |     0.1110 |     0.0314 |      18.2421 |
|    11 | RND   |      0.3871 |     0.0164 |     0.0037 |     100.0000 |
|    11 | POP   |      0.3871 |     0.0000 |     0.0000 |       1.6186 |
|    11 | NCF   |      0.3871 |     0.0156 |     0.0039 |      21.9327 |
------------------------------------------------------------------------

Training duration: 82.2667 minutes
Total execution in 92.5833 minutes
