------------------------------------------num_ng=9 batch size = 32 24 epochs 
Start: Epochs
| Epoch | Model | HR@10      | NDCG@10    | %Coverage@10 |
----------------------------------------------------------
|     0 | FM    |     0.0037 |     0.0017 |       2.4038 |
|     0 | RND   |     0.0044 |     0.0022 |     100.0000 |
|     0 | POP   |     0.0356 |     0.0129 |       0.4808 |
|     0 | NCF   |     0.0419 |     0.0247 |       1.1058 |
----------------------------------------------------------
|     1 | FM    |     0.0349 |     0.0215 |       1.8750 |
|     1 | RND   |     0.0040 |     0.0019 |     100.0000 |
|     1 | POP   |     0.0356 |     0.0129 |       0.4808 |
|     1 | NCF   |     0.0442 |     0.0254 |       1.1058 |
----------------------------------------------------------
|     2 | FM    |     0.0379 |     0.0236 |       1.0577 |
|     2 | RND   |     0.0047 |     0.0025 |     100.0000 |
|     2 | POP   |     0.0356 |     0.0129 |       0.4808 |
|     2 | NCF   |     0.0435 |     0.0253 |       1.2019 |
----------------------------------------------------------
|     3 | FM    |     0.0414 |     0.0248 |       1.2019 |
|     3 | RND   |     0.0056 |     0.0025 |     100.0000 |
|     3 | POP   |     0.0356 |     0.0129 |       0.4808 |
|     3 | NCF   |     0.0494 |     0.0291 |       1.2981 |
----------------------------------------------------------
|     4 | FM    |     0.0414 |     0.0248 |       1.2500 |
|     4 | RND   |     0.0058 |     0.0032 |     100.0000 |
|     4 | POP   |     0.0356 |     0.0129 |       0.4808 |
|     4 | NCF   |     0.0575 |     0.0366 |       2.5962 |
----------------------------------------------------------
|     5 | FM    |     0.0426 |     0.0249 |       1.1538 |
|     5 | RND   |     0.0033 |     0.0014 |     100.0000 |
|     5 | POP   |     0.0356 |     0.0129 |       0.4808 |
|     5 | NCF   |     0.0604 |     0.0390 |       5.5288 |
----------------------------------------------------------
|     6 | FM    |     0.0430 |     0.0252 |       1.2500 |
|     6 | RND   |     0.0058 |     0.0023 |     100.0000 |
|     6 | POP   |     0.0356 |     0.0129 |       0.4808 |
|     6 | NCF   |     0.0681 |     0.0431 |      10.5769 |
----------------------------------------------------------
|     7 | FM    |     0.0430 |     0.0256 |       1.2500 |
|     7 | RND   |     0.0054 |     0.0023 |     100.0000 |
|     7 | POP   |     0.0356 |     0.0129 |       0.4808 |
|     7 | NCF   |     0.0676 |     0.0445 |      13.9423 |
----------------------------------------------------------
|     8 | FM    |     0.0428 |     0.0262 |       1.2500 |
|     8 | RND   |     0.0037 |     0.0020 |     100.0000 |
|     8 | POP   |     0.0356 |     0.0129 |       0.4808 |
|     8 | NCF   |     0.0718 |     0.0454 |      16.8750 |
----------------------------------------------------------
|     9 | FM    |     0.0423 |     0.0262 |       1.2500 |
|     9 | RND   |     0.0063 |     0.0031 |     100.0000 |
|     9 | POP   |     0.0356 |     0.0129 |       0.4808 |
|     9 | NCF   |     0.0688 |     0.0437 |      20.0481 |
----------------------------------------------------------
|    10 | FM    |     0.0426 |     0.0267 |       1.2500 |
|    10 | RND   |     0.0049 |     0.0021 |     100.0000 |
|    10 | POP   |     0.0356 |     0.0129 |       0.4808 |
|    10 | NCF   |     0.0702 |     0.0431 |      22.3077 |
----------------------------------------------------------
|    11 | FM    |     0.0440 |     0.0280 |       1.2500 |
|    11 | RND   |     0.0030 |     0.0011 |     100.0000 |
|    11 | POP   |     0.0356 |     0.0129 |       0.4808 |
|    11 | NCF   |     0.0702 |     0.0443 |      27.6442 |
----------------------------------------------------------
|    12 | FM    |     0.0458 |     0.0296 |       1.2500 |
|    12 | RND   |     0.0061 |     0.0026 |     100.0000 |
|    12 | POP   |     0.0356 |     0.0129 |       0.4808 |
|    12 | NCF   |     0.0695 |     0.0419 |      33.1731 |
----------------------------------------------------------
|    13 | FM    |     0.0451 |     0.0296 |       1.2981 |
|    13 | RND   |     0.0058 |     0.0027 |     100.0000 |
|    13 | POP   |     0.0356 |     0.0129 |       0.4808 |
|    13 | NCF   |     0.0706 |     0.0423 |      37.5481 |
----------------------------------------------------------
|    14 | FM    |     0.0482 |     0.0312 |       1.3942 |
|    14 | RND   |     0.0051 |     0.0025 |     100.0000 |
|    14 | POP   |     0.0356 |     0.0129 |       0.4808 |
|    14 | NCF   |     0.0681 |     0.0402 |      41.0577 |
----------------------------------------------------------
|    15 | FM    |     0.0489 |     0.0312 |       1.3942 |
|    15 | RND   |     0.0051 |     0.0030 |     100.0000 |
|    15 | POP   |     0.0356 |     0.0129 |       0.4808 |
|    15 | NCF   |     0.0676 |     0.0402 |      40.9615 |
----------------------------------------------------------
|    16 | FM    |     0.0482 |     0.0310 |       1.6827 |
|    16 | RND   |     0.0049 |     0.0023 |     100.0000 |
|    16 | POP   |     0.0356 |     0.0129 |       0.4808 |
|    16 | NCF   |     0.0634 |     0.0381 |      46.1538 |
----------------------------------------------------------
|    17 | FM    |     0.0526 |     0.0328 |       1.7788 |
|    17 | RND   |     0.0035 |     0.0016 |     100.0000 |
|    17 | POP   |     0.0356 |     0.0129 |       0.4808 |
|    17 | NCF   |     0.0671 |     0.0398 |      51.2981 |
----------------------------------------------------------
|    18 | FM    |     0.0519 |     0.0327 |       1.9712 |
|    18 | RND   |     0.0061 |     0.0031 |     100.0000 |
|    18 | POP   |     0.0356 |     0.0129 |       0.4808 |
|    18 | NCF   |     0.0620 |     0.0372 |      50.8654 |
----------------------------------------------------------
|    19 | FM    |     0.0557 |     0.0343 |       2.0673 |
|    19 | RND   |     0.0051 |     0.0021 |     100.0000 |
|    19 | POP   |     0.0356 |     0.0129 |       0.4808 |
|    19 | NCF   |     0.0613 |     0.0365 |      53.8462 |
----------------------------------------------------------
|    20 | FM    |     0.0554 |     0.0347 |       2.1635 |
|    20 | RND   |     0.0054 |     0.0023 |     100.0000 |
|    20 | POP   |     0.0356 |     0.0129 |       0.4808 |
|    20 | NCF   |     0.0643 |     0.0372 |      53.3173 |
----------------------------------------------------------
|    21 | FM    |     0.0536 |     0.0334 |       2.1635 |
|    21 | RND   |     0.0051 |     0.0023 |     100.0000 |
|    21 | POP   |     0.0356 |     0.0129 |       0.4808 |
|    21 | NCF   |     0.0634 |     0.0361 |      64.3269 |
----------------------------------------------------------
|    22 | FM    |     0.0512 |     0.0323 |       2.2115 |
|    22 | RND   |     0.0035 |     0.0017 |     100.0000 |
|    22 | POP   |     0.0356 |     0.0129 |       0.4808 |
|    22 | NCF   |     0.0660 |     0.0381 |      62.5000 |
----------------------------------------------------------
|    23 | FM    |     0.0540 |     0.0334 |       2.3077 |
|    23 | RND   |     0.0037 |     0.0015 |     100.0000 |
|    23 | POP   |     0.0356 |     0.0129 |       0.4808 |
|    23 | NCF   |     0.0589 |     0.0346 |      62.9808 |
----------------------------------------------------------
Training duration: 77.8833 minutes
Total execution in 78.5333 minutes

-------------------------------------------NG=8 bsz=64 epochs 12
Start: items2compute
100%|███████████████████████████████████████████████████████████████████| 6355/6355 [00:13<00:00, 461.06it/s]
End: items2compute
Building test set...: 4275it [00:10, 417.80it/s]
Start: Epochs
| Epoch | Model | HR@10      | NDCG@10    | %Coverage@10 |
----------------------------------------------------------
|     0 | FM    |     0.0065 |     0.0030 |       0.6731 |
|     0 | RND   |     0.0044 |     0.0022 |     100.0000 |
|     0 | POP   |     0.0356 |     0.0129 |       0.4808 |
|     0 | NCF   |     0.0426 |     0.0250 |       1.0577 |
----------------------------------------------------------
|     1 | FM    |     0.0166 |     0.0080 |       2.2115 |
|     1 | RND   |     0.0040 |     0.0019 |     100.0000 |
|     1 | POP   |     0.0356 |     0.0129 |       0.4808 |
|     1 | NCF   |     0.0421 |     0.0247 |       1.1538 |
----------------------------------------------------------
|     2 | FM    |     0.0356 |     0.0229 |       2.0673 |
|     2 | RND   |     0.0047 |     0.0025 |     100.0000 |
|     2 | POP   |     0.0356 |     0.0129 |       0.4808 |
|     2 | NCF   |     0.0428 |     0.0248 |       1.1058 |
----------------------------------------------------------
|     3 | FM    |     0.0374 |     0.0235 |       2.0673 |
|     3 | RND   |     0.0056 |     0.0025 |     100.0000 |
|     3 | POP   |     0.0356 |     0.0129 |       0.4808 |
|     3 | NCF   |     0.0498 |     0.0275 |       1.1538 |
----------------------------------------------------------
|     4 | FM    |     0.0400 |     0.0243 |       2.6923 |
|     4 | RND   |     0.0058 |     0.0032 |     100.0000 |
|     4 | POP   |     0.0356 |     0.0129 |       0.4808 |
|     4 | NCF   |     0.0496 |     0.0295 |       1.3462 |
----------------------------------------------------------
|     5 | FM    |     0.0402 |     0.0244 |       3.2212 |
|     5 | RND   |     0.0033 |     0.0014 |     100.0000 |
|     5 | POP   |     0.0356 |     0.0129 |       0.4808 |
|     5 | NCF   |     0.0545 |     0.0348 |       1.9231 |
----------------------------------------------------------
|     6 | FM    |     0.0423 |     0.0250 |       3.6538 |
|     6 | RND   |     0.0058 |     0.0023 |     100.0000 |
|     6 | POP   |     0.0356 |     0.0129 |       0.4808 |
|     6 | NCF   |     0.0639 |     0.0405 |       4.3750 |
----------------------------------------------------------
|     7 | FM    |     0.0440 |     0.0253 |       3.7500 |
|     7 | RND   |     0.0054 |     0.0023 |     100.0000 |
|     7 | POP   |     0.0356 |     0.0129 |       0.4808 |
|     7 | NCF   |     0.0667 |     0.0431 |       7.0192 |
----------------------------------------------------------
|     8 | FM    |     0.0435 |     0.0251 |       4.2308 |
|     8 | RND   |     0.0037 |     0.0020 |     100.0000 |
|     8 | POP   |     0.0356 |     0.0129 |       0.4808 |
|     8 | NCF   |     0.0664 |     0.0437 |       9.6154 |
----------------------------------------------------------
|     9 | FM    |     0.0435 |     0.0252 |       4.7596 |
|     9 | RND   |     0.0063 |     0.0031 |     100.0000 |
|     9 | POP   |     0.0356 |     0.0129 |       0.4808 |
|     9 | NCF   |     0.0662 |     0.0446 |      11.4423 |
----------------------------------------------------------
|    10 | FM    |     0.0437 |     0.0251 |       4.2788 |
|    10 | RND   |     0.0049 |     0.0021 |     100.0000 |
|    10 | POP   |     0.0356 |     0.0129 |       0.4808 |
|    10 | NCF   |     0.0676 |     0.0450 |      14.4231 |
----------------------------------------------------------
|    11 | FM    |     0.0437 |     0.0254 |       5.6250 |
|    11 | RND   |     0.0030 |     0.0011 |     100.0000 |
|    11 | POP   |     0.0356 |     0.0129 |       0.4808 |
|    11 | NCF   |     0.0678 |     0.0446 |      17.6442 |
----------------------------------------------------------
Training duration: 21.7667 minutes
Total execution in 22.3833 minutes