20230311_083048 - RS-Execution Result

asin               6178
reviewerID        14138
overall               5
unixReviewTime     3622
timestamp          3622
year                  1
dtype: int64



------------------------------------------------------------------------
Training and Test
------------------------------------------------------------------------
| Epoch | Model | Train Loss  | HR@10      | NDCG@10    | %Coverage@10 |
------------------------------------------------------------------------
|     0 | FM    |    582.7237 |     0.0009 |     0.0003 |       0.1942 |
|     0 | RND   |    582.7237 |     0.0024 |     0.0013 |     100.0000 |
|     0 | POP   |    582.7237 |     0.0000 |     0.0000 |       0.1619 |
|     0 | NCF   |    582.7237 |     0.0014 |     0.0006 |      13.1758 |
------------------------------------------------------------------------
|     1 | FM    |      2.2608 |     0.0094 |     0.0081 |       1.7481 |
|     1 | RND   |      2.2608 |     0.0017 |     0.0008 |     100.0000 |
|     1 | POP   |      2.2608 |     0.0000 |     0.0000 |       0.1619 |
|     1 | NCF   |      2.2608 |     0.0014 |     0.0006 |      13.1758 |
------------------------------------------------------------------------
|     2 | FM    |      0.4996 |     0.0134 |     0.0105 |       2.8003 |
|     2 | RND   |      0.4996 |     0.0021 |     0.0010 |     100.0000 |
|     2 | POP   |      0.4996 |     0.0000 |     0.0000 |       0.1619 |
|     2 | NCF   |      0.4996 |     0.0014 |     0.0006 |      13.1758 |
------------------------------------------------------------------------
|     3 | FM    |      0.4760 |     0.0132 |     0.0102 |       2.8326 |
|     3 | RND   |      0.4760 |     0.0013 |     0.0006 |     100.0000 |
|     3 | POP   |      0.4760 |     0.0000 |     0.0000 |       0.1619 |
|     3 | NCF   |      0.4760 |     0.0014 |     0.0006 |      13.1758 |
------------------------------------------------------------------------
|     4 | FM    |      0.4456 |     0.0149 |     0.0115 |       4.0304 |
|     4 | RND   |      0.4456 |     0.0018 |     0.0006 |     100.0000 |
|     4 | POP   |      0.4456 |     0.0000 |     0.0000 |       0.1619 |
|     4 | NCF   |      0.4456 |     0.0014 |     0.0006 |      13.1758 |
------------------------------------------------------------------------
|     5 | FM    |      0.4228 |     0.0155 |     0.0119 |       4.0952 |
|     5 | RND   |      0.4228 |     0.0017 |     0.0008 |     100.0000 |
|     5 | POP   |      0.4228 |     0.0000 |     0.0000 |       0.1619 |
|     5 | NCF   |      0.4228 |     0.0014 |     0.0006 |      13.1758 |
------------------------------------------------------------------------
|     6 | FM    |      0.4044 |     0.0238 |     0.0149 |       6.1832 |
|     6 | RND   |      0.4044 |     0.0017 |     0.0008 |     100.0000 |
|     6 | POP   |      0.4044 |     0.0000 |     0.0000 |       0.1619 |
|     6 | NCF   |      0.4044 |     0.0014 |     0.0006 |      13.1758 |
------------------------------------------------------------------------
|     7 | FM    |      0.3912 |     0.0173 |     0.0129 |       5.0340 |
|     7 | RND   |      0.3912 |     0.0017 |     0.0007 |     100.0000 |
|     7 | POP   |      0.3912 |     0.0000 |     0.0000 |       0.1619 |
|     7 | NCF   |      0.3912 |     0.0014 |     0.0006 |      13.1758 |
------------------------------------------------------------------------
|     8 | FM    |      0.3829 |     0.0217 |     0.0146 |       5.8595 |
|     8 | RND   |      0.3829 |     0.0018 |     0.0008 |     100.0000 |
|     8 | POP   |      0.3829 |     0.0000 |     0.0000 |       0.1619 |
|     8 | NCF   |      0.3829 |     0.0014 |     0.0006 |      13.1758 |
------------------------------------------------------------------------
|     9 | FM    |      0.3751 |     0.0239 |     0.0158 |       6.2965 |
|     9 | RND   |      0.3751 |     0.0014 |     0.0007 |     100.0000 |
|     9 | POP   |      0.3751 |     0.0000 |     0.0000 |       0.1619 |
|     9 | NCF   |      0.3751 |     0.0014 |     0.0006 |      13.1758 |
------------------------------------------------------------------------
|    10 | FM    |      0.3688 |     0.0204 |     0.0143 |       5.6167 |
|    10 | RND   |      0.3688 |     0.0022 |     0.0011 |     100.0000 |
|    10 | POP   |      0.3688 |     0.0000 |     0.0000 |       0.1619 |
|    10 | NCF   |      0.3688 |     0.0014 |     0.0006 |      13.1758 |
------------------------------------------------------------------------
|    11 | FM    |      0.3632 |     0.0300 |     0.0183 |       6.4908 |
|    11 | RND   |      0.3632 |     0.0016 |     0.0009 |     100.0000 |
|    11 | POP   |      0.3632 |     0.0000 |     0.0000 |       0.1619 |
|    11 | NCF   |      0.3632 |     0.0014 |     0.0006 |      13.1758 |
------------------------------------------------------------------------

Training duration: 36.0167 minutes
Total execution in 39.5333 minutes
