20230312_145402 - RS-Execution Result

asin               6178
reviewerID        14138
overall               5
unixReviewTime     3622
timestamp          3622
year                  1
dtype: int64



------------------------------------------------------------------------
Training and Test
------------------------------------------------------------------------
| Epoch | Model | Train Loss  | HR@100     | NDCG@100   | %Coverage@100 |
------------------------------------------------------------------------
|     0 | FM    |     91.6647 |     0.0067 |     0.0015 |       2.3470 |
|     0 | RND   |     91.6647 |     0.0170 |     0.0036 |     100.0000 |
|     0 | POP   |     91.6647 |     0.0000 |     0.0000 |       1.6186 |
|     0 | NCF   |     91.6647 |     0.0233 |     0.0052 |      47.3130 |
------------------------------------------------------------------------
|     1 | FM    |      0.5165 |     0.1487 |     0.0433 |      34.2344 |
|     1 | RND   |      0.5165 |     0.0182 |     0.0038 |     100.0000 |
|     1 | POP   |      0.5165 |     0.0000 |     0.0000 |       1.6186 |
|     1 | NCF   |      0.5165 |     0.0233 |     0.0052 |      47.3130 |
------------------------------------------------------------------------
|     2 | FM    |      0.5067 |     0.0277 |     0.0127 |       7.0897 |
|     2 | RND   |      0.5067 |     0.0154 |     0.0032 |     100.0000 |
|     2 | POP   |      0.5067 |     0.0000 |     0.0000 |       1.6186 |
|     2 | NCF   |      0.5067 |     0.0233 |     0.0052 |      47.3130 |
------------------------------------------------------------------------
|     3 | FM    |      0.4893 |     0.0606 |     0.0187 |       8.9997 |
|     3 | RND   |      0.4893 |     0.0161 |     0.0033 |     100.0000 |
|     3 | POP   |      0.4893 |     0.0000 |     0.0000 |       1.6186 |
|     3 | NCF   |      0.4893 |     0.0233 |     0.0052 |      47.3130 |
------------------------------------------------------------------------
|     4 | FM    |      0.4669 |     0.1474 |     0.0403 |      13.6614 |
|     4 | RND   |      0.4669 |     0.0173 |     0.0037 |     100.0000 |
|     4 | POP   |      0.4669 |     0.0000 |     0.0000 |       1.6186 |
|     4 | NCF   |      0.4669 |     0.0233 |     0.0052 |      47.3130 |
------------------------------------------------------------------------
|     5 | FM    |      0.4436 |     0.1023 |     0.0280 |      16.1379 |
|     5 | RND   |      0.4436 |     0.0166 |     0.0035 |     100.0000 |
|     5 | POP   |      0.4436 |     0.0000 |     0.0000 |       1.6186 |
|     5 | NCF   |      0.4436 |     0.0233 |     0.0052 |      47.3130 |
------------------------------------------------------------------------
|     6 | FM    |      0.4254 |     0.1096 |     0.0300 |      20.4273 |
|     6 | RND   |      0.4254 |     0.0161 |     0.0035 |     100.0000 |
|     6 | POP   |      0.4254 |     0.0000 |     0.0000 |       1.6186 |
|     6 | NCF   |      0.4254 |     0.0233 |     0.0052 |      47.3130 |
------------------------------------------------------------------------
|     7 | FM    |      0.4100 |     0.1020 |     0.0284 |      15.6685 |
|     7 | RND   |      0.4100 |     0.0147 |     0.0031 |     100.0000 |
|     7 | POP   |      0.4100 |     0.0000 |     0.0000 |       1.6186 |
|     7 | NCF   |      0.4100 |     0.0233 |     0.0052 |      47.3130 |
------------------------------------------------------------------------
|     8 | FM    |      0.4011 |     0.1268 |     0.0353 |      30.0745 |
|     8 | RND   |      0.4011 |     0.0163 |     0.0033 |     100.0000 |
|     8 | POP   |      0.4011 |     0.0000 |     0.0000 |       1.6186 |
|     8 | NCF   |      0.4011 |     0.0233 |     0.0052 |      47.3130 |
------------------------------------------------------------------------
|     9 | FM    |      0.3933 |     0.1094 |     0.0305 |      19.5856 |
|     9 | RND   |      0.3933 |     0.0168 |     0.0035 |     100.0000 |
|     9 | POP   |      0.3933 |     0.0000 |     0.0000 |       1.6186 |
|     9 | NCF   |      0.3933 |     0.0233 |     0.0052 |      47.3130 |
------------------------------------------------------------------------
|    10 | FM    |      0.3891 |     0.1200 |     0.0337 |      41.9715 |
|    10 | RND   |      0.3891 |     0.0160 |     0.0034 |     100.0000 |
|    10 | POP   |      0.3891 |     0.0000 |     0.0000 |       1.6186 |
|    10 | NCF   |      0.3891 |     0.0233 |     0.0052 |      47.3130 |
------------------------------------------------------------------------
|    11 | FM    |      0.3839 |     0.1143 |     0.0319 |      23.5675 |
|    11 | RND   |      0.3839 |     0.0144 |     0.0029 |     100.0000 |
|    11 | POP   |      0.3839 |     0.0000 |     0.0000 |       1.6186 |
|    11 | NCF   |      0.3839 |     0.0233 |     0.0052 |      47.3130 |
------------------------------------------------------------------------

Training duration: 76.5500 minutes
Total execution in 85.0167 minutes
