20230310_210633 - RS-Execution Result

asin               6178
reviewerID        14138
overall               5
unixReviewTime     3622
timestamp          3622
year                  1
dtype: int64



------------------------------------------------------------------------
Training and Test
------------------------------------------------------------------------
| Epoch | Model | Train Loss  | HR@10      | NDCG@10    | %Coverage@10 |
------------------------------------------------------------------------
|     0 | FM    |    390.9736 |     0.0013 |     0.0006 |       0.7608 |
|     0 | RND   |    390.9736 |     0.0013 |     0.0006 |     100.0000 |
|     0 | POP   |    390.9736 |     0.0000 |     0.0000 |       0.1619 |
|     0 | NCF   |    390.9736 |     0.0024 |     0.0012 |      12.1237 |
------------------------------------------------------------------------
|     1 | FM    |      0.5144 |     0.0091 |     0.0072 |       1.7643 |
|     1 | RND   |      0.5144 |     0.0016 |     0.0006 |     100.0000 |
|     1 | POP   |      0.5144 |     0.0000 |     0.0000 |       0.1619 |
|     1 | NCF   |      0.5144 |     0.0024 |     0.0012 |      12.1237 |
------------------------------------------------------------------------
|     2 | FM    |      0.5069 |     0.0129 |     0.0099 |       2.8650 |
|     2 | RND   |      0.5069 |     0.0013 |     0.0005 |     100.0000 |
|     2 | POP   |      0.5069 |     0.0000 |     0.0000 |       0.1619 |
|     2 | NCF   |      0.5069 |     0.0024 |     0.0012 |      12.1237 |
------------------------------------------------------------------------
|     3 | FM    |      0.4898 |     0.0133 |     0.0099 |       3.0916 |
|     3 | RND   |      0.4898 |     0.0019 |     0.0010 |     100.0000 |
|     3 | POP   |      0.4898 |     0.0000 |     0.0000 |       0.1619 |
|     3 | NCF   |      0.4898 |     0.0024 |     0.0012 |      12.1237 |
------------------------------------------------------------------------
|     4 | FM    |      0.4675 |     0.0221 |     0.0135 |      10.5698 |
|     4 | RND   |      0.4675 |     0.0021 |     0.0009 |     100.0000 |
|     4 | POP   |      0.4675 |     0.0000 |     0.0000 |       0.1619 |
|     4 | NCF   |      0.4675 |     0.0024 |     0.0012 |      12.1237 |
------------------------------------------------------------------------
|     5 | FM    |      0.4458 |     0.0165 |     0.0110 |       4.4675 |
|     5 | RND   |      0.4458 |     0.0014 |     0.0007 |     100.0000 |
|     5 | POP   |      0.4458 |     0.0000 |     0.0000 |       0.1619 |
|     5 | NCF   |      0.4458 |     0.0024 |     0.0012 |      12.1237 |
------------------------------------------------------------------------
|     6 | FM    |      0.4244 |     0.0163 |     0.0111 |       4.1114 |
|     6 | RND   |      0.4244 |     0.0016 |     0.0006 |     100.0000 |
|     6 | POP   |      0.4244 |     0.0000 |     0.0000 |       0.1619 |
|     6 | NCF   |      0.4244 |     0.0024 |     0.0012 |      12.1237 |
------------------------------------------------------------------------
|     7 | FM    |      0.4102 |     0.0164 |     0.0114 |       4.0142 |
|     7 | RND   |      0.4102 |     0.0013 |     0.0007 |     100.0000 |
|     7 | POP   |      0.4102 |     0.0000 |     0.0000 |       0.1619 |
|     7 | NCF   |      0.4102 |     0.0024 |     0.0012 |      12.1237 |
------------------------------------------------------------------------
|     8 | FM    |      0.4004 |     0.0170 |     0.0122 |       4.3218 |
|     8 | RND   |      0.4004 |     0.0016 |     0.0007 |     100.0000 |
|     8 | POP   |      0.4004 |     0.0000 |     0.0000 |       0.1619 |
|     8 | NCF   |      0.4004 |     0.0024 |     0.0012 |      12.1237 |
------------------------------------------------------------------------
|     9 | FM    |      0.3936 |     0.0187 |     0.0131 |       4.9045 |
|     9 | RND   |      0.3936 |     0.0018 |     0.0008 |     100.0000 |
|     9 | POP   |      0.3936 |     0.0000 |     0.0000 |       0.1619 |
|     9 | NCF   |      0.3936 |     0.0024 |     0.0012 |      12.1237 |
------------------------------------------------------------------------
|    10 | FM    |      0.3891 |     0.0204 |     0.0139 |       5.1635 |
|    10 | RND   |      0.3891 |     0.0025 |     0.0011 |     100.0000 |
|    10 | POP   |      0.3891 |     0.0000 |     0.0000 |       0.1619 |
|    10 | NCF   |      0.3891 |     0.0024 |     0.0012 |      12.1237 |
------------------------------------------------------------------------
|    11 | FM    |      0.3853 |     0.0195 |     0.0134 |       5.0502 |
|    11 | RND   |      0.3853 |     0.0011 |     0.0004 |     100.0000 |
|    11 | POP   |      0.3853 |     0.0000 |     0.0000 |       0.1619 |
|    11 | NCF   |      0.3853 |     0.0024 |     0.0012 |      12.1237 |
------------------------------------------------------------------------
|    12 | FM    |      0.3812 |     0.0265 |     0.0163 |       6.8954 |
|    12 | RND   |      0.3812 |     0.0016 |     0.0006 |     100.0000 |
|    12 | POP   |      0.3812 |     0.0000 |     0.0000 |       0.1619 |
|    12 | NCF   |      0.3812 |     0.0024 |     0.0012 |      12.1237 |
------------------------------------------------------------------------
|    13 | FM    |      0.3795 |     0.0197 |     0.0134 |       4.9207 |
|    13 | RND   |      0.3795 |     0.0011 |     0.0006 |     100.0000 |
|    13 | POP   |      0.3795 |     0.0000 |     0.0000 |       0.1619 |
|    13 | NCF   |      0.3795 |     0.0024 |     0.0012 |      12.1237 |
------------------------------------------------------------------------
|    14 | FM    |      0.3758 |     0.0200 |     0.0135 |       4.9531 |
|    14 | RND   |      0.3758 |     0.0020 |     0.0009 |     100.0000 |
|    14 | POP   |      0.3758 |     0.0000 |     0.0000 |       0.1619 |
|    14 | NCF   |      0.3758 |     0.0024 |     0.0012 |      12.1237 |
------------------------------------------------------------------------
|    15 | FM    |      0.3725 |     0.0245 |     0.0154 |       5.7300 |
|    15 | RND   |      0.3725 |     0.0018 |     0.0008 |     100.0000 |
|    15 | POP   |      0.3725 |     0.0000 |     0.0000 |       0.1619 |
|    15 | NCF   |      0.3725 |     0.0024 |     0.0012 |      12.1237 |
------------------------------------------------------------------------
|    16 | FM    |      0.3694 |     0.0240 |     0.0150 |       5.2282 |
|    16 | RND   |      0.3694 |     0.0018 |     0.0008 |     100.0000 |
|    16 | POP   |      0.3694 |     0.0000 |     0.0000 |       0.1619 |
|    16 | NCF   |      0.3694 |     0.0024 |     0.0012 |      12.1237 |
------------------------------------------------------------------------
|    17 | FM    |      0.3649 |     0.0358 |     0.0195 |       5.9242 |
|    17 | RND   |      0.3649 |     0.0013 |     0.0006 |     100.0000 |
|    17 | POP   |      0.3649 |     0.0000 |     0.0000 |       0.1619 |
|    17 | NCF   |      0.3649 |     0.0024 |     0.0012 |      12.1237 |
------------------------------------------------------------------------
|    18 | FM    |      0.3619 |     0.0317 |     0.0178 |       5.2120 |
|    18 | RND   |      0.3619 |     0.0017 |     0.0009 |     100.0000 |
|    18 | POP   |      0.3619 |     0.0000 |     0.0000 |       0.1619 |
|    18 | NCF   |      0.3619 |     0.0024 |     0.0012 |      12.1237 |
------------------------------------------------------------------------
|    19 | FM    |      0.3580 |     0.0323 |     0.0180 |       4.9692 |
|    19 | RND   |      0.3580 |     0.0018 |     0.0007 |     100.0000 |
|    19 | POP   |      0.3580 |     0.0000 |     0.0000 |       0.1619 |
|    19 | NCF   |      0.3580 |     0.0024 |     0.0012 |      12.1237 |
------------------------------------------------------------------------
|    20 | FM    |      0.3533 |     0.0400 |     0.0213 |       5.3901 |
|    20 | RND   |      0.3533 |     0.0018 |     0.0008 |     100.0000 |
|    20 | POP   |      0.3533 |     0.0000 |     0.0000 |       0.1619 |
|    20 | NCF   |      0.3533 |     0.0024 |     0.0012 |      12.1237 |
------------------------------------------------------------------------
|    21 | FM    |      0.3485 |     0.0284 |     0.0164 |       4.6455 |
|    21 | RND   |      0.3485 |     0.0013 |     0.0007 |     100.0000 |
|    21 | POP   |      0.3485 |     0.0000 |     0.0000 |       0.1619 |
|    21 | NCF   |      0.3485 |     0.0024 |     0.0012 |      12.1237 |
------------------------------------------------------------------------
|    22 | FM    |      0.3453 |     0.0318 |     0.0178 |       4.7426 |
|    22 | RND   |      0.3453 |     0.0014 |     0.0007 |     100.0000 |
|    22 | POP   |      0.3453 |     0.0000 |     0.0000 |       0.1619 |
|    22 | NCF   |      0.3453 |     0.0024 |     0.0012 |      12.1237 |
------------------------------------------------------------------------
|    23 | FM    |      0.3398 |     0.0285 |     0.0165 |       4.1599 |
|    23 | RND   |      0.3398 |     0.0017 |     0.0008 |     100.0000 |
|    23 | POP   |      0.3398 |     0.0000 |     0.0000 |       0.1619 |
|    23 | NCF   |      0.3398 |     0.0024 |     0.0012 |      12.1237 |
------------------------------------------------------------------------
|    24 | FM    |      0.3354 |     0.0286 |     0.0167 |       4.2570 |
|    24 | RND   |      0.3354 |     0.0013 |     0.0006 |     100.0000 |
|    24 | POP   |      0.3354 |     0.0000 |     0.0000 |       0.1619 |
|    24 | NCF   |      0.3354 |     0.0024 |     0.0012 |      12.1237 |
------------------------------------------------------------------------
|    25 | FM    |      0.3298 |     0.0336 |     0.0189 |       4.4351 |
|    25 | RND   |      0.3298 |     0.0017 |     0.0007 |     100.0000 |
|    25 | POP   |      0.3298 |     0.0000 |     0.0000 |       0.1619 |
|    25 | NCF   |      0.3298 |     0.0024 |     0.0012 |      12.1237 |
------------------------------------------------------------------------
|    26 | FM    |      0.3239 |     0.0369 |     0.0203 |       4.6455 |
|    26 | RND   |      0.3239 |     0.0012 |     0.0005 |     100.0000 |
|    26 | POP   |      0.3239 |     0.0000 |     0.0000 |       0.1619 |
|    26 | NCF   |      0.3239 |     0.0024 |     0.0012 |      12.1237 |
------------------------------------------------------------------------
|    27 | FM    |      0.3192 |     0.0421 |     0.0228 |       5.0016 |
|    27 | RND   |      0.3192 |     0.0016 |     0.0007 |     100.0000 |
|    27 | POP   |      0.3192 |     0.0000 |     0.0000 |       0.1619 |
|    27 | NCF   |      0.3192 |     0.0024 |     0.0012 |      12.1237 |
------------------------------------------------------------------------
|    28 | FM    |      0.3132 |     0.0349 |     0.0194 |       4.5970 |
|    28 | RND   |      0.3132 |     0.0018 |     0.0008 |     100.0000 |
|    28 | POP   |      0.3132 |     0.0000 |     0.0000 |       0.1619 |
|    28 | NCF   |      0.3132 |     0.0024 |     0.0012 |      12.1237 |
------------------------------------------------------------------------
|    29 | FM    |      0.3083 |     0.0327 |     0.0187 |       4.6131 |
|    29 | RND   |      0.3083 |     0.0016 |     0.0007 |     100.0000 |
|    29 | POP   |      0.3083 |     0.0000 |     0.0000 |       0.1619 |
|    29 | NCF   |      0.3083 |     0.0024 |     0.0012 |      12.1237 |
------------------------------------------------------------------------

Training duration: 61.0167 minutes
Total execution in 64.9167 minutes
