20230312_145413 - RS-Execution Result

asin               6178
reviewerID        14138
overall               5
unixReviewTime     3622
timestamp          3622
year                  1
dtype: int64



------------------------------------------------------------------------
Training and Test
------------------------------------------------------------------------
| Epoch | Model | Train Loss  | HR@10      | NDCG@10    | %Coverage@10 |
------------------------------------------------------------------------
|     0 | FM    |   1233.0684 |     0.0011 |     0.0006 |       0.8903 |
|     0 | RND   |   1233.0684 |     0.0011 |     0.0005 |     100.0000 |
|     0 | POP   |   1233.0684 |     0.0000 |     0.0000 |       0.1619 |
|     0 | NCF   |   1233.0684 |     0.0015 |     0.0007 |      24.2150 |
------------------------------------------------------------------------
|     1 | FM    |      0.4636 |     0.0091 |     0.0065 |       1.6996 |
|     1 | RND   |      0.4636 |     0.0018 |     0.0009 |     100.0000 |
|     1 | POP   |      0.4636 |     0.0000 |     0.0000 |       0.1619 |
|     1 | NCF   |      0.4636 |     0.0015 |     0.0007 |      24.2150 |
------------------------------------------------------------------------
|     2 | FM    |      0.4524 |     0.0134 |     0.0095 |       2.4280 |
|     2 | RND   |      0.4524 |     0.0021 |     0.0011 |     100.0000 |
|     2 | POP   |      0.4524 |     0.0000 |     0.0000 |       0.1619 |
|     2 | NCF   |      0.4524 |     0.0015 |     0.0007 |      24.2150 |
------------------------------------------------------------------------
|     3 | FM    |      0.4307 |     0.0138 |     0.0096 |       1.9100 |
|     3 | RND   |      0.4307 |     0.0022 |     0.0011 |     100.0000 |
|     3 | POP   |      0.4307 |     0.0000 |     0.0000 |       0.1619 |
|     3 | NCF   |      0.4307 |     0.0015 |     0.0007 |      24.2150 |
------------------------------------------------------------------------
|     4 | FM    |      0.4056 |     0.0161 |     0.0102 |       2.5736 |
|     4 | RND   |      0.4056 |     0.0013 |     0.0006 |     100.0000 |
|     4 | POP   |      0.4056 |     0.0000 |     0.0000 |       0.1619 |
|     4 | NCF   |      0.4056 |     0.0015 |     0.0007 |      24.2150 |
------------------------------------------------------------------------
|     5 | FM    |      0.3854 |     0.0160 |     0.0102 |       2.5898 |
|     5 | RND   |      0.3854 |     0.0023 |     0.0011 |     100.0000 |
|     5 | POP   |      0.3854 |     0.0000 |     0.0000 |       0.1619 |
|     5 | NCF   |      0.3854 |     0.0015 |     0.0007 |      24.2150 |
------------------------------------------------------------------------
|     6 | FM    |      0.3724 |     0.0164 |     0.0104 |       2.9783 |
|     6 | RND   |      0.3724 |     0.0018 |     0.0007 |     100.0000 |
|     6 | POP   |      0.3724 |     0.0000 |     0.0000 |       0.1619 |
|     6 | NCF   |      0.3724 |     0.0015 |     0.0007 |      24.2150 |
------------------------------------------------------------------------
|     7 | FM    |      0.3642 |     0.0190 |     0.0114 |       4.0142 |
|     7 | RND   |      0.3642 |     0.0020 |     0.0010 |     100.0000 |
|     7 | POP   |      0.3642 |     0.0000 |     0.0000 |       0.1619 |
|     7 | NCF   |      0.3642 |     0.0015 |     0.0007 |      24.2150 |
------------------------------------------------------------------------
|     8 | FM    |      0.3597 |     0.0170 |     0.0106 |       3.0592 |
|     8 | RND   |      0.3597 |     0.0016 |     0.0008 |     100.0000 |
|     8 | POP   |      0.3597 |     0.0000 |     0.0000 |       0.1619 |
|     8 | NCF   |      0.3597 |     0.0015 |     0.0007 |      24.2150 |
------------------------------------------------------------------------
|     9 | FM    |      0.3577 |     0.0173 |     0.0106 |       3.0269 |
|     9 | RND   |      0.3577 |     0.0017 |     0.0007 |     100.0000 |
|     9 | POP   |      0.3577 |     0.0000 |     0.0000 |       0.1619 |
|     9 | NCF   |      0.3577 |     0.0015 |     0.0007 |      24.2150 |
------------------------------------------------------------------------
|    10 | FM    |      0.3570 |     0.0187 |     0.0109 |       2.9298 |
|    10 | RND   |      0.3570 |     0.0015 |     0.0007 |     100.0000 |
|    10 | POP   |      0.3570 |     0.0000 |     0.0000 |       0.1619 |
|    10 | NCF   |      0.3570 |     0.0015 |     0.0007 |      24.2150 |
------------------------------------------------------------------------
|    11 | FM    |      0.3545 |     0.0202 |     0.0113 |       2.9783 |
|    11 | RND   |      0.3545 |     0.0016 |     0.0007 |     100.0000 |
|    11 | POP   |      0.3545 |     0.0000 |     0.0000 |       0.1619 |
|    11 | NCF   |      0.3545 |     0.0015 |     0.0007 |      24.2150 |
------------------------------------------------------------------------

Training duration: 77.3833 minutes
Total execution in 86.2667 minutes
