-----------------------------NG=6 bsz=64
Start: Epochs
| Epoch | Model | Train Loss  | HR@10      | NDCG@10    | %Coverage@10 |
------------------------------------------------------------------------
|     0 | FM    |   1958.9233 |     0.0073 |     0.0036 |       0.5769 |
|     0 | RND   |   1958.9233 |     0.0044 |     0.0022 |     100.0000 |
|     0 | POP   |   1958.9233 |     0.0000 |     0.0000 |       0.4808 |
|     0 | NCF   |      0.3758 |     0.0194 |     0.0116 |       1.1538 |
------------------------------------------------------------------------
|     1 | FM    |     19.1247 |     0.0082 |     0.0045 |       3.9904 |
|     1 | RND   |     19.1247 |     0.0040 |     0.0019 |     100.0000 |
|     1 | POP   |     19.1247 |     0.0000 |     0.0000 |       0.4808 |
|     1 | NCF   |      0.3433 |     0.0180 |     0.0108 |       1.1538 |
------------------------------------------------------------------------
|     2 | FM    |      0.4079 |     0.0138 |     0.0092 |       2.4519 |
|     2 | RND   |      0.4079 |     0.0047 |     0.0025 |     100.0000 |
|     2 | POP   |      0.4079 |     0.0000 |     0.0000 |       0.4808 |
|     2 | NCF   |      0.3395 |     0.0194 |     0.0115 |       1.1538 |
------------------------------------------------------------------------
|     3 | FM    |      0.4000 |     0.0143 |     0.0098 |       2.5000 |
|     3 | RND   |      0.4000 |     0.0056 |     0.0025 |     100.0000 |
|     3 | POP   |      0.4000 |     0.0000 |     0.0000 |       0.4808 |
|     3 | NCF   |      0.3355 |     0.0199 |     0.0117 |       1.1538 |
------------------------------------------------------------------------
|     4 | FM    |      0.3871 |     0.0145 |     0.0099 |       3.2212 |
|     4 | RND   |      0.3871 |     0.0058 |     0.0032 |     100.0000 |
|     4 | POP   |      0.3871 |     0.0000 |     0.0000 |       0.4808 |
|     4 | NCF   |      0.3304 |     0.0236 |     0.0129 |       1.2500 |
------------------------------------------------------------------------
|     5 | FM    |      0.3738 |     0.0166 |     0.0106 |       3.8462 |
|     5 | RND   |      0.3738 |     0.0033 |     0.0014 |     100.0000 |
|     5 | POP   |      0.3738 |     0.0000 |     0.0000 |       0.4808 |
|     5 | NCF   |      0.3236 |     0.0363 |     0.0172 |       1.3942 |
------------------------------------------------------------------------
|     6 | FM    |      0.3616 |     0.0166 |     0.0111 |       4.8077 |
|     6 | RND   |      0.3616 |     0.0058 |     0.0023 |     100.0000 |
|     6 | POP   |      0.3616 |     0.0000 |     0.0000 |       0.4808 |
|     6 | NCF   |      0.3148 |     0.0351 |     0.0179 |       2.1154 |
------------------------------------------------------------------------
|     7 | FM    |      0.3522 |     0.0166 |     0.0109 |       4.9038 |
|     7 | RND   |      0.3522 |     0.0054 |     0.0023 |     100.0000 |
|     7 | POP   |      0.3522 |     0.0000 |     0.0000 |       0.4808 |
|     7 | NCF   |      0.3038 |     0.0412 |     0.0216 |       4.1346 |
------------------------------------------------------------------------
|     8 | FM    |      0.3454 |     0.0166 |     0.0108 |       4.5192 |
|     8 | RND   |      0.3454 |     0.0037 |     0.0020 |     100.0000 |
|     8 | POP   |      0.3454 |     0.0000 |     0.0000 |       0.4808 |
|     8 | NCF   |      0.2909 |     0.0463 |     0.0252 |       6.6827 |
------------------------------------------------------------------------
|     9 | FM    |      0.3409 |     0.0178 |     0.0111 |       5.5769 |
|     9 | RND   |      0.3409 |     0.0063 |     0.0031 |     100.0000 |
|     9 | POP   |      0.3409 |     0.0000 |     0.0000 |       0.4808 |
|     9 | NCF   |      0.2765 |     0.0468 |     0.0263 |       8.8942 |
------------------------------------------------------------------------
|    10 | FM    |      0.3379 |     0.0182 |     0.0113 |       5.9135 |
|    10 | RND   |      0.3379 |     0.0049 |     0.0021 |     100.0000 |
|    10 | POP   |      0.3379 |     0.0000 |     0.0000 |       0.4808 |
|    10 | NCF   |      0.2610 |     0.0517 |     0.0283 |      11.6827 |
------------------------------------------------------------------------
|    11 | FM    |      0.3363 |     0.0171 |     0.0109 |       5.5288 |
|    11 | RND   |      0.3363 |     0.0030 |     0.0011 |     100.0000 |
|    11 | POP   |      0.3363 |     0.0000 |     0.0000 |       0.4808 |
|    11 | NCF   |      0.2447 |     0.0533 |     0.0303 |      14.8558 |
------------------------------------------------------------------------
|    12 | FM    |      0.3347 |     0.0196 |     0.0119 |       7.7885 |
|    12 | RND   |      0.3347 |     0.0061 |     0.0026 |     100.0000 |
|    12 | POP   |      0.3347 |     0.0000 |     0.0000 |       0.4808 |
|    12 | NCF   |      0.2281 |     0.0533 |     0.0307 |      17.7885 |
------------------------------------------------------------------------
|    13 | FM    |      0.3327 |     0.0187 |     0.0115 |       6.9231 |
|    13 | RND   |      0.3327 |     0.0058 |     0.0027 |     100.0000 |
|    13 | POP   |      0.3327 |     0.0000 |     0.0000 |       0.4808 |
|    13 | NCF   |      0.2115 |     0.0538 |     0.0310 |      20.6731 |
------------------------------------------------------------------------
|    14 | FM    |      0.3324 |     0.0182 |     0.0114 |       6.2500 |
|    14 | RND   |      0.3324 |     0.0051 |     0.0025 |     100.0000 |
|    14 | POP   |      0.3324 |     0.0000 |     0.0000 |       0.4808 |
|    14 | NCF   |      0.1953 |     0.0536 |     0.0306 |      22.8846 |
------------------------------------------------------------------------
|    15 | FM    |      0.3311 |     0.0199 |     0.0119 |       7.7885 |
|    15 | RND   |      0.3311 |     0.0051 |     0.0030 |     100.0000 |
|    15 | POP   |      0.3311 |     0.0000 |     0.0000 |       0.4808 |
|    15 | NCF   |      0.1795 |     0.0524 |     0.0305 |      25.6250 |
------------------------------------------------------------------------

Training duration: 22.6833 minutes
Total execution in 23.2833 minutes

---------------------------NG=8 bsz=64
| Epoch | Model | HR@10      | NDCG@10    | %Coverage@10 |
----------------------------------------------------------
|     0 | FM    |     0.0065 |     0.0034 |       0.6731 |
|     0 | RND   |     0.0044 |     0.0022 |     100.0000 |
|     0 | POP   |     0.0168 |     0.0064 |       0.4808 |
|     0 | NCF   |     0.0201 |     0.0122 |       1.1058 |
----------------------------------------------------------
|     1 | FM    |     0.0082 |     0.0040 |       2.2596 |
|     1 | RND   |     0.0040 |     0.0019 |     100.0000 |
|     1 | POP   |     0.0168 |     0.0064 |       0.4808 |
|     1 | NCF   |     0.0196 |     0.0120 |       1.1058 |
----------------------------------------------------------
|     2 | FM    |     0.0143 |     0.0098 |       2.0192 |
|     2 | RND   |     0.0047 |     0.0025 |     100.0000 |
|     2 | POP   |     0.0168 |     0.0064 |       0.4808 |
|     2 | NCF   |     0.0192 |     0.0118 |       1.1058 |
----------------------------------------------------------
|     3 | FM    |     0.0138 |     0.0097 |       2.0192 |
|     3 | RND   |     0.0056 |     0.0025 |     100.0000 |
|     3 | POP   |     0.0168 |     0.0064 |       0.4808 |
|     3 | NCF   |     0.0218 |     0.0125 |       1.2019 |
----------------------------------------------------------
|     4 | FM    |     0.0164 |     0.0105 |       2.8846 |
|     4 | RND   |     0.0058 |     0.0032 |     100.0000 |
|     4 | POP   |     0.0168 |     0.0064 |       0.4808 |
|     4 | NCF   |     0.0213 |     0.0127 |       1.3942 |
----------------------------------------------------------
|     5 | FM    |     0.0171 |     0.0107 |       2.9808 |
|     5 | RND   |     0.0033 |     0.0014 |     100.0000 |
|     5 | POP   |     0.0168 |     0.0064 |       0.4808 |
|     5 | NCF   |     0.0351 |     0.0184 |       1.8750 |
----------------------------------------------------------
|     6 | FM    |     0.0178 |     0.0111 |       3.3654 |
|     6 | RND   |     0.0058 |     0.0023 |     100.0000 |
|     6 | POP   |     0.0168 |     0.0064 |       0.4808 |
|     6 | NCF   |     0.0451 |     0.0228 |       3.8462 |
----------------------------------------------------------
|     7 | FM    |     0.0180 |     0.0112 |       3.4615 |
|     7 | RND   |     0.0054 |     0.0023 |     100.0000 |
|     7 | POP   |     0.0168 |     0.0064 |       0.4808 |
|     7 | NCF   |     0.0496 |     0.0251 |       6.1538 |
----------------------------------------------------------
|     8 | FM    |     0.0182 |     0.0112 |       4.1827 |
|     8 | RND   |     0.0037 |     0.0020 |     100.0000 |
|     8 | POP   |     0.0168 |     0.0064 |       0.4808 |
|     8 | NCF   |     0.0531 |     0.0295 |       9.0865 |
----------------------------------------------------------
|     9 | FM    |     0.0192 |     0.0114 |       4.5673 |
|     9 | RND   |     0.0063 |     0.0031 |     100.0000 |
|     9 | POP   |     0.0168 |     0.0064 |       0.4808 |
|     9 | NCF   |     0.0547 |     0.0299 |      11.8269 |
----------------------------------------------------------
|    10 | FM    |     0.0182 |     0.0112 |       4.1827 |
|    10 | RND   |     0.0049 |     0.0021 |     100.0000 |
|    10 | POP   |     0.0168 |     0.0064 |       0.4808 |
|    10 | NCF   |     0.0550 |     0.0319 |      14.9038 |
----------------------------------------------------------
|    11 | FM    |     0.0196 |     0.0117 |       5.2404 |
|    11 | RND   |     0.0030 |     0.0011 |     100.0000 |
|    11 | POP   |     0.0168 |     0.0064 |       0.4808 |
|    11 | NCF   |     0.0550 |     0.0315 |      17.6923 |
----------------------------------------------------------
|    12 | FM    |     0.0194 |     0.0116 |       4.6635 |
|    12 | RND   |     0.0061 |     0.0026 |     100.0000 |
|    12 | POP   |     0.0168 |     0.0064 |       0.4808 |
|    12 | NCF   |     0.0561 |     0.0319 |      20.5288 |
----------------------------------------------------------
|    13 | FM    |     0.0192 |     0.0116 |       4.9038 |
|    13 | RND   |     0.0058 |     0.0027 |     100.0000 |
|    13 | POP   |     0.0168 |     0.0064 |       0.4808 |
|    13 | NCF   |     0.0547 |     0.0306 |      23.4615 |
----------------------------------------------------------
|    14 | FM    |     0.0204 |     0.0120 |       5.2885 |
|    14 | RND   |     0.0051 |     0.0025 |     100.0000 |
|    14 | POP   |     0.0168 |     0.0064 |       0.4808 |
|    14 | NCF   |     0.0538 |     0.0306 |      26.4904 |
----------------------------------------------------------
|    15 | FM    |     0.0192 |     0.0116 |       5.0481 |
|    15 | RND   |     0.0051 |     0.0030 |     100.0000 |
|    15 | POP   |     0.0168 |     0.0064 |       0.4808 |
|    15 | NCF   |     0.0543 |     0.0307 |      31.9231 |
----------------------------------------------------------
|    16 | FM    |     0.0215 |     0.0124 |       5.4327 |
|    16 | RND   |     0.0049 |     0.0023 |     100.0000 |
|    16 | POP   |     0.0168 |     0.0064 |       0.4808 |
|    16 | NCF   |     0.0550 |     0.0309 |      34.2308 |
----------------------------------------------------------
|    17 | FM    |     0.0208 |     0.0120 |       4.7596 |
|    17 | RND   |     0.0035 |     0.0016 |     100.0000 |
|    17 | POP   |     0.0168 |     0.0064 |       0.4808 |
|    17 | NCF   |     0.0543 |     0.0308 |      37.9327 |
----------------------------------------------------------
|    18 | FM    |     0.0208 |     0.0120 |       4.7596 |
|    18 | RND   |     0.0061 |     0.0031 |     100.0000 |
|    18 | POP   |     0.0168 |     0.0064 |       0.4808 |
|    18 | NCF   |     0.0524 |     0.0292 |      40.2404 |
----------------------------------------------------------
|    19 | FM    |     0.0218 |     0.0123 |       4.3269 |
|    19 | RND   |     0.0051 |     0.0021 |     100.0000 |
|    19 | POP   |     0.0168 |     0.0064 |       0.4808 |
|    19 | NCF   |     0.0510 |     0.0288 |      41.9712 |
----------------------------------------------------------
Training duration: 35.4667 minutes
Total execution in 36.0833 minutes
--------------------------------- NG=8 bsz=128
Start: Epochs
| Epoch | Model | HR@10      | NDCG@10    | %Coverage@10 |
----------------------------------------------------------
|     0 | FM    |     0.0073 |     0.0036 |       0.5769 |
|     0 | RND   |     0.0044 |     0.0022 |     100.0000 |
|     0 | POP   |     0.0168 |     0.0064 |       0.4808 |
|     0 | NCF   |     0.0199 |     0.0116 |       1.0577 |
----------------------------------------------------------
|     1 | FM    |     0.0082 |     0.0035 |       0.8173 |
|     1 | RND   |     0.0040 |     0.0019 |     100.0000 |
|     1 | POP   |     0.0168 |     0.0064 |       0.4808 |
|     1 | NCF   |     0.0201 |     0.0118 |       1.1058 |
----------------------------------------------------------
|     2 | FM    |     0.0122 |     0.0080 |       1.3942 |
|     2 | RND   |     0.0047 |     0.0025 |     100.0000 |
|     2 | POP   |     0.0168 |     0.0064 |       0.4808 |
|     2 | NCF   |     0.0206 |     0.0124 |       1.0577 |
----------------------------------------------------------
|     3 | FM    |     0.0138 |     0.0095 |       1.1058 |
|     3 | RND   |     0.0056 |     0.0025 |     100.0000 |
|     3 | POP   |     0.0168 |     0.0064 |       0.4808 |
|     3 | NCF   |     0.0208 |     0.0123 |       1.1058 |
----------------------------------------------------------
|     4 | FM    |     0.0140 |     0.0096 |       1.1058 |
|     4 | RND   |     0.0058 |     0.0032 |     100.0000 |
|     4 | POP   |     0.0168 |     0.0064 |       0.4808 |
|     4 | NCF   |     0.0215 |     0.0122 |       1.2019 |
----------------------------------------------------------
|     5 | FM    |     0.0154 |     0.0102 |       1.0577 |
|     5 | RND   |     0.0033 |     0.0014 |     100.0000 |
|     5 | POP   |     0.0168 |     0.0064 |       0.4808 |
|     5 | NCF   |     0.0236 |     0.0133 |       1.2981 |
----------------------------------------------------------
|     6 | FM    |     0.0166 |     0.0106 |       1.0577 |
|     6 | RND   |     0.0058 |     0.0023 |     100.0000 |
|     6 | POP   |     0.0168 |     0.0064 |       0.4808 |
|     6 | NCF   |     0.0241 |     0.0141 |       1.2500 |
----------------------------------------------------------
|     7 | FM    |     0.0173 |     0.0108 |       1.0577 |
|     7 | RND   |     0.0054 |     0.0023 |     100.0000 |
|     7 | POP   |     0.0168 |     0.0064 |       0.4808 |
|     7 | NCF   |     0.0342 |     0.0181 |       1.5865 |
----------------------------------------------------------
|     8 | FM    |     0.0178 |     0.0111 |       1.1538 |
|     8 | RND   |     0.0037 |     0.0020 |     100.0000 |
|     8 | POP   |     0.0168 |     0.0064 |       0.4808 |
|     8 | NCF   |     0.0442 |     0.0223 |       2.0673 |
----------------------------------------------------------
|     9 | FM    |     0.0178 |     0.0110 |       2.0192 |
|     9 | RND   |     0.0063 |     0.0031 |     100.0000 |
|     9 | POP   |     0.0168 |     0.0064 |       0.4808 |
|     9 | NCF   |     0.0444 |     0.0237 |       3.5577 |
----------------------------------------------------------
|    10 | FM    |     0.0178 |     0.0110 |       2.5000 |
|    10 | RND   |     0.0049 |     0.0021 |     100.0000 |
|    10 | POP   |     0.0168 |     0.0064 |       0.4808 |
|    10 | NCF   |     0.0496 |     0.0271 |       4.8077 |
----------------------------------------------------------
|    11 | FM    |     0.0182 |     0.0112 |       3.2692 |
|    11 | RND   |     0.0030 |     0.0011 |     100.0000 |
|    11 | POP   |     0.0168 |     0.0064 |       0.4808 |
|    11 | NCF   |     0.0519 |     0.0289 |       6.3942 |
----------------------------------------------------------
Training duration: 14.4333 minutes
Total execution in 15.0500 minutes
--------------------------------- NG=8 bsz=32
Start: Epochs
| Epoch | Model | HR@10      | NDCG@10    | %Coverage@10 |
----------------------------------------------------------
|     0 | FM    |     0.0030 |     0.0019 |       1.8750 |
|     0 | RND   |     0.0044 |     0.0022 |     100.0000 |
|     0 | POP   |     0.0168 |     0.0064 |       0.4808 |
|     0 | NCF   |     0.0201 |     0.0121 |       1.1058 |
----------------------------------------------------------
|     1 | FM    |     0.0117 |     0.0073 |       2.1635 |
|     1 | RND   |     0.0040 |     0.0019 |     100.0000 |
|     1 | POP   |     0.0168 |     0.0064 |       0.4808 |
|     1 | NCF   |     0.0199 |     0.0121 |       1.1538 |
----------------------------------------------------------
|     2 | FM    |     0.0140 |     0.0097 |       1.8269 |
|     2 | RND   |     0.0047 |     0.0025 |     100.0000 |
|     2 | POP   |     0.0168 |     0.0064 |       0.4808 |
|     2 | NCF   |     0.0199 |     0.0120 |       1.1538 |
----------------------------------------------------------
|     3 | FM    |     0.0180 |     0.0112 |       1.2500 |
|     3 | RND   |     0.0056 |     0.0025 |     100.0000 |
|     3 | POP   |     0.0168 |     0.0064 |       0.4808 |
|     3 | NCF   |     0.0248 |     0.0137 |       1.3462 |
----------------------------------------------------------
|     4 | FM    |     0.0175 |     0.0109 |       1.5385 |
|     4 | RND   |     0.0058 |     0.0032 |     100.0000 |
|     4 | POP   |     0.0168 |     0.0064 |       0.4808 |
|     4 | NCF   |     0.0285 |     0.0160 |       1.7308 |
----------------------------------------------------------
|     5 | FM    |     0.0178 |     0.0110 |       1.1058 |
|     5 | RND   |     0.0033 |     0.0014 |     100.0000 |
|     5 | POP   |     0.0168 |     0.0064 |       0.4808 |
|     5 | NCF   |     0.0395 |     0.0213 |       4.5673 |
----------------------------------------------------------
|     6 | FM    |     0.0180 |     0.0110 |       1.2019 |
|     6 | RND   |     0.0058 |     0.0023 |     100.0000 |
|     6 | POP   |     0.0168 |     0.0064 |       0.4808 |
|     6 | NCF   |     0.0468 |     0.0249 |       8.7500 |
----------------------------------------------------------
|     7 | FM    |     0.0192 |     0.0116 |       1.2500 |
|     7 | RND   |     0.0054 |     0.0023 |     100.0000 |
|     7 | POP   |     0.0168 |     0.0064 |       0.4808 |
|     7 | NCF   |     0.0477 |     0.0270 |      11.8750 |
----------------------------------------------------------
|     8 | FM    |     0.0185 |     0.0113 |       1.1058 |
|     8 | RND   |     0.0037 |     0.0020 |     100.0000 |
|     8 | POP   |     0.0168 |     0.0064 |       0.4808 |
|     8 | NCF   |     0.0503 |     0.0287 |      15.3365 |
----------------------------------------------------------
|     9 | FM    |     0.0192 |     0.0115 |       1.1538 |
|     9 | RND   |     0.0063 |     0.0031 |     100.0000 |
|     9 | POP   |     0.0168 |     0.0064 |       0.4808 |
|     9 | NCF   |     0.0529 |     0.0296 |      17.7404 |
----------------------------------------------------------
|    10 | FM    |     0.0201 |     0.0118 |       1.2500 |
|    10 | RND   |     0.0049 |     0.0021 |     100.0000 |
|    10 | POP   |     0.0168 |     0.0064 |       0.4808 |
|    10 | NCF   |     0.0540 |     0.0305 |      22.2596 |
----------------------------------------------------------
|    11 | FM    |     0.0236 |     0.0130 |       1.2981 |
|    11 | RND   |     0.0030 |     0.0011 |     100.0000 |
|    11 | POP   |     0.0168 |     0.0064 |       0.4808 |
|    11 | NCF   |     0.0547 |     0.0309 |      25.4808 |
----------------------------------------------------------
Training duration: 34.3833 minutes
Total execution in 34.9833 minutes
------------------------------------NG=8 bsz=64, hiddensize=16
| Epoch | Model | HR@10      | NDCG@10    | %Coverage@10 |
----------------------------------------------------------
|     0 | FM    |     0.0070 |     0.0033 |       0.6250 |
|     0 | RND   |     0.0044 |     0.0022 |     100.0000 |
|     0 | POP   |     0.0168 |     0.0064 |       0.4808 |
|     0 | NCF   |     0.0194 |     0.0114 |       1.1058 |
----------------------------------------------------------
|     1 | FM    |     0.0075 |     0.0037 |       2.5962 |
|     1 | RND   |     0.0040 |     0.0019 |     100.0000 |
|     1 | POP   |     0.0168 |     0.0064 |       0.4808 |
|     1 | NCF   |     0.0182 |     0.0112 |       1.0577 |
----------------------------------------------------------
|     2 | FM    |     0.0122 |     0.0069 |       1.9712 |
|     2 | RND   |     0.0047 |     0.0025 |     100.0000 |
|     2 | POP   |     0.0168 |     0.0064 |       0.4808 |
|     2 | NCF   |     0.0201 |     0.0120 |       1.1538 |
----------------------------------------------------------
|     3 | FM    |     0.0145 |     0.0095 |       2.1635 |
|     3 | RND   |     0.0056 |     0.0025 |     100.0000 |
|     3 | POP   |     0.0168 |     0.0064 |       0.4808 |
|     3 | NCF   |     0.0218 |     0.0127 |       1.1538 |
----------------------------------------------------------
|     4 | FM    |     0.0138 |     0.0096 |       2.6442 |
|     4 | RND   |     0.0058 |     0.0032 |     100.0000 |
|     4 | POP   |     0.0168 |     0.0064 |       0.4808 |
|     4 | NCF   |     0.0220 |     0.0128 |       1.2500 |
----------------------------------------------------------
|     5 | FM    |     0.0143 |     0.0097 |       2.5000 |
|     5 | RND   |     0.0033 |     0.0014 |     100.0000 |
|     5 | POP   |     0.0168 |     0.0064 |       0.4808 |
|     5 | NCF   |     0.0295 |     0.0156 |       1.5385 |
----------------------------------------------------------
|     6 | FM    |     0.0157 |     0.0102 |       2.8365 |
|     6 | RND   |     0.0058 |     0.0023 |     100.0000 |
|     6 | POP   |     0.0168 |     0.0064 |       0.4808 |
|     6 | NCF   |     0.0297 |     0.0165 |       2.1635 |
----------------------------------------------------------
|     7 | FM    |     0.0157 |     0.0102 |       2.9327 |
|     7 | RND   |     0.0054 |     0.0023 |     100.0000 |
|     7 | POP   |     0.0168 |     0.0064 |       0.4808 |
|     7 | NCF   |     0.0353 |     0.0188 |       4.0385 |
----------------------------------------------------------
|     8 | FM    |     0.0168 |     0.0106 |       4.0865 |
|     8 | RND   |     0.0037 |     0.0020 |     100.0000 |
|     8 | POP   |     0.0168 |     0.0064 |       0.4808 |
|     8 | NCF   |     0.0437 |     0.0221 |       6.0096 |
----------------------------------------------------------
|     9 | FM    |     0.0168 |     0.0106 |       3.7981 |
|     9 | RND   |     0.0063 |     0.0031 |     100.0000 |
|     9 | POP   |     0.0168 |     0.0064 |       0.4808 |
|     9 | NCF   |     0.0451 |     0.0231 |       7.8365 |
----------------------------------------------------------
|    10 | FM    |     0.0171 |     0.0107 |       4.2308 |
|    10 | RND   |     0.0049 |     0.0021 |     100.0000 |
|    10 | POP   |     0.0168 |     0.0064 |       0.4808 |
|    10 | NCF   |     0.0444 |     0.0233 |      10.1923 |
----------------------------------------------------------
|    11 | FM    |     0.0175 |     0.0108 |       4.7115 |
|    11 | RND   |     0.0030 |     0.0011 |     100.0000 |
|    11 | POP   |     0.0168 |     0.0064 |       0.4808 |
|    11 | NCF   |     0.0489 |     0.0256 |      12.8365 |
----------------------------------------------------------
Training duration: 18.3500 minutes
Total execution in 18.9667 minutes
------------------------------NG=8 bsz=64, hidds=32, topk=20
Start: Epochs
| Epoch | Model | HR@20      | NDCG@20    | %Coverage@20 |
----------------------------------------------------------
|     0 | FM    |     0.0241 |     0.0077 |       1.2500 |
|     0 | RND   |     0.0082 |     0.0031 |     100.0000 |
|     0 | POP   |     0.0295 |     0.0096 |       0.9615 |
|     0 | NCF   |     0.0463 |     0.0186 |       1.7788 |
----------------------------------------------------------
|     1 | FM    |     0.0122 |     0.0049 |       3.3173 |
|     1 | RND   |     0.0087 |     0.0031 |     100.0000 |
|     1 | POP   |     0.0295 |     0.0096 |       0.9615 |
|     1 | NCF   |     0.0564 |     0.0210 |       1.8750 |
----------------------------------------------------------
|     2 | FM    |     0.0171 |     0.0105 |       3.6058 |
|     2 | RND   |     0.0112 |     0.0042 |     100.0000 |
|     2 | POP   |     0.0295 |     0.0096 |       0.9615 |
|     2 | NCF   |     0.0498 |     0.0194 |       1.7788 |
----------------------------------------------------------
|     3 | FM    |     0.0227 |     0.0118 |       3.7500 |
|     3 | RND   |     0.0108 |     0.0038 |     100.0000 |
|     3 | POP   |     0.0295 |     0.0096 |       0.9615 |
|     3 | NCF   |     0.0625 |     0.0227 |       1.8750 |
----------------------------------------------------------
|     4 | FM    |     0.0248 |     0.0126 |       4.8077 |
|     4 | RND   |     0.0101 |     0.0042 |     100.0000 |
|     4 | POP   |     0.0295 |     0.0096 |       0.9615 |
|     4 | NCF   |     0.0739 |     0.0259 |       1.9712 |
----------------------------------------------------------
|     5 | FM    |     0.0267 |     0.0130 |       5.1923 |
|     5 | RND   |     0.0077 |     0.0025 |     100.0000 |
|     5 | POP   |     0.0295 |     0.0096 |       0.9615 |
|     5 | NCF   |     0.0683 |     0.0267 |       3.7019 |
----------------------------------------------------------
|     6 | FM    |     0.0295 |     0.0141 |       5.7212 |
|     6 | RND   |     0.0115 |     0.0037 |     100.0000 |
|     6 | POP   |     0.0295 |     0.0096 |       0.9615 |
|     6 | NCF   |     0.0737 |     0.0300 |       6.4423 |
----------------------------------------------------------
|     7 | FM    |     0.0311 |     0.0145 |       6.3462 |
|     7 | RND   |     0.0110 |     0.0037 |     100.0000 |
|     7 | POP   |     0.0295 |     0.0096 |       0.9615 |
|     7 | NCF   |     0.0795 |     0.0326 |      10.0000 |
----------------------------------------------------------
|     8 | FM    |     0.0353 |     0.0154 |       6.5385 |
|     8 | RND   |     0.0101 |     0.0036 |     100.0000 |
|     8 | POP   |     0.0295 |     0.0096 |       0.9615 |
|     8 | NCF   |     0.0833 |     0.0371 |      14.4231 |
----------------------------------------------------------
|     9 | FM    |     0.0566 |     0.0206 |       7.7404 |
|     9 | RND   |     0.0110 |     0.0042 |     100.0000 |
|     9 | POP   |     0.0295 |     0.0096 |       0.9615 |
|     9 | NCF   |     0.0858 |     0.0377 |      17.7404 |
----------------------------------------------------------
|    10 | FM    |     0.0409 |     0.0168 |       7.1635 |
|    10 | RND   |     0.0089 |     0.0032 |     100.0000 |
|    10 | POP   |     0.0295 |     0.0096 |       0.9615 |
|    10 | NCF   |     0.0842 |     0.0393 |      22.1154 |
----------------------------------------------------------
|    11 | FM    |     0.0681 |     0.0238 |       8.9423 |
|    11 | RND   |     0.0068 |     0.0021 |     100.0000 |
|    11 | POP   |     0.0295 |     0.0096 |       0.9615 |
|    11 | NCF   |     0.0851 |     0.0391 |      25.9615 |
----------------------------------------------------------
Training duration: 20.7500 minutes
Total execution in 21.3667 minutes
--------------------------------------- NG=10 bsz=64 hidd=32, topk=10
Start: Epochs
| Epoch | Model | HR@10      | NDCG@10    | %Coverage@10 |
----------------------------------------------------------
|     0 | FM    |     0.0026 |     0.0013 |       1.7308 |
|     0 | RND   |     0.0044 |     0.0022 |     100.0000 |
|     0 | POP   |     0.0168 |     0.0064 |       0.4808 |
|     0 | NCF   |     0.0208 |     0.0121 |       1.1058 |
----------------------------------------------------------
|     1 | FM    |     0.0124 |     0.0072 |       1.6827 |
|     1 | RND   |     0.0040 |     0.0019 |     100.0000 |
|     1 | POP   |     0.0168 |     0.0064 |       0.4808 |
|     1 | NCF   |     0.0201 |     0.0118 |       1.1058 |
----------------------------------------------------------
|     2 | FM    |     0.0143 |     0.0098 |       1.3462 |
|     2 | RND   |     0.0047 |     0.0025 |     100.0000 |
|     2 | POP   |     0.0168 |     0.0064 |       0.4808 |
|     2 | NCF   |     0.0199 |     0.0118 |       1.1538 |
----------------------------------------------------------
|     3 | FM    |     0.0166 |     0.0105 |       1.2019 |
|     3 | RND   |     0.0056 |     0.0025 |     100.0000 |
|     3 | POP   |     0.0168 |     0.0064 |       0.4808 |
|     3 | NCF   |     0.0206 |     0.0131 |       1.1058 |
----------------------------------------------------------
|     4 | FM    |     0.0168 |     0.0108 |       1.3942 |
|     4 | RND   |     0.0058 |     0.0032 |     100.0000 |
|     4 | POP   |     0.0168 |     0.0064 |       0.4808 |
|     4 | NCF   |     0.0311 |     0.0173 |       1.6827 |
----------------------------------------------------------
|     5 | FM    |     0.0168 |     0.0109 |       2.2596 |
|     5 | RND   |     0.0033 |     0.0014 |     100.0000 |
|     5 | POP   |     0.0168 |     0.0064 |       0.4808 |
|     5 | NCF   |     0.0381 |     0.0212 |       3.9423 |
----------------------------------------------------------
|     6 | FM    |     0.0173 |     0.0111 |       3.1250 |
|     6 | RND   |     0.0058 |     0.0023 |     100.0000 |
|     6 | POP   |     0.0168 |     0.0064 |       0.4808 |
|     6 | NCF   |     0.0496 |     0.0278 |       7.2596 |
----------------------------------------------------------
|     7 | FM    |     0.0173 |     0.0110 |       3.1731 |
|     7 | RND   |     0.0054 |     0.0023 |     100.0000 |
|     7 | POP   |     0.0168 |     0.0064 |       0.4808 |
|     7 | NCF   |     0.0491 |     0.0277 |      10.5288 |
----------------------------------------------------------
|     8 | FM    |     0.0171 |     0.0110 |       3.6058 |
|     8 | RND   |     0.0037 |     0.0020 |     100.0000 |
|     8 | POP   |     0.0168 |     0.0064 |       0.4808 |
|     8 | NCF   |     0.0526 |     0.0305 |      13.5096 |
----------------------------------------------------------
|     9 | FM    |     0.0180 |     0.0113 |       3.9423 |
|     9 | RND   |     0.0063 |     0.0031 |     100.0000 |
|     9 | POP   |     0.0168 |     0.0064 |       0.4808 |
|     9 | NCF   |     0.0529 |     0.0310 |      16.9712 |
----------------------------------------------------------
|    10 | FM    |     0.0189 |     0.0116 |       3.7500 |
|    10 | RND   |     0.0049 |     0.0021 |     100.0000 |
|    10 | POP   |     0.0168 |     0.0064 |       0.4808 |
|    10 | NCF   |     0.0531 |     0.0321 |      19.0865 |
----------------------------------------------------------
|    11 | FM    |     0.0187 |     0.0116 |       3.6538 |
|    11 | RND   |     0.0030 |     0.0011 |     100.0000 |
|    11 | POP   |     0.0168 |     0.0064 |       0.4808 |
|    11 | NCF   |     0.0538 |     0.0326 |      22.5000 |
----------------------------------------------------------
Training duration: 25.0000 minutes
Total execution in 25.6333 minutes
